29

1111111. 1. 11111111111111111111111111111111111111. (1111111111ΧΧΙ, 39-461. 1111111111
111 111 111111111111 1111111111. (1111111111111. 10. 1111 11161111111-111111 1111 111 61111111, -
111 111111111111111111111111; -111 11111111 1111111 111 1111. 11. 1111 1111111111 111 1111111111
in 1111111111111111 111 1111111111. 1111111 1111111111. (1111111111 1111111). 13. 1111111111111.

1111111. 1. 111111111111111111111111111. 11111. 2. 1111, 1111111111 11111111111111111111.
3. 111111 111 1111111111111 111 11111111 „wie 11111111 1111111111.η 4. 1111 111 rnatum 1111111111 in
1111111111 1111111111111111111114 11 111 1111111111 111 1111111111 1111111111 5. Ρ11111111 ad astra.
11111. 1111111111111). 6. 1111111111111111111111 1111111111 111 η1111111 mit 1111 11111111η 111111
11111111111111111 1111111111111 7. (5111111 1111111 ,111111 11111111111111Η in 11111 111111111111 1111111
1111. Β. 11111111111111111111111111 „wie 1111111111” (11111111111111. 9. 1111111111 111 1111111111
1111111111 111, - (111 Duell 111 11111111 1111111 111 1111 111111. 10. 1111111111111 heim 1111111111 1111-
1111111111. 11. 1311111111111111111 111 1111111111 1111111111 ,,11111111111111111111“ 12. 11111111
arbeit. 13. 1111111111111111 11111 1111111111111111111 111 1111111111· 111 111111111111111111111111111,
1111 1111111 1111111111, 111 11 1111111111 11 1111 61111111111111111 1111

3. 1111111111 611111. a. 1111111111111 111 (11111111111 111 111111 1111111111* 11. 111111.
= 1111111111. b. Livius XXI 1, XXII. 1-15. Virgil Ι. 1. Π. 1. 11111111111111111111 =
1116111111 1111111111111111111. d. 11111 1111 1111 111 &nemorale 111 1111 11111111
1111111 11111111.
1111111111 10 (5111111. 11111Ι.1)1111111111111111.
(11111 Π. (1111111111111111111111111

4 1111111111 1111111. a. 111111111111111, 11111111 111 ς1111111111111111111111111111111

. [1111111111111111. 11111111111111111111111 1111 611111. 1. 1111111111. Ι. 9-Π1.

3. Hom. Od. I. V. VI. c. 1111111111111111111111 111 11111111 111 1111111111. ·

¹ 1111111111 6 (15111111. 111111111111111111111111111111.1111111. 111111ε11111111111
11111 ΙΙ.ᾦ111111111111111111111111111111.

511111111111111511111. a. 1111111111111 111111111111111113111111111. (11111111 111
1111111, 11111 111 1111111111 1111111111111111 ς111116111111111111111 b. 1111111111
&ficte 111 Thiers, Bonaparte en Egypte et 11 Syrie. c. 1111 11111111 1111 ein 1111111
1111111111 2 &unbem 111111, 1111111111 Q. &hunck
11111 II. 13111111111111111111.

6. (1111111111 111 (1111111111. 1.11111111111111111111111111111111111111111111; 111
111111111111111111 111 11111111111111111111 111 1111 (111111111111111. b. (111
1111111 111 11111111111, 11111 1111111111.

1111111111 3 (1111111. 11111 Ι, 11111111111111111111111. 1111111.
11111 ΙΙ, 111111111111111111111.

7. 1111111111. a. 1111111111111 111 11111111 111 ,1111111 111 1111111111. b. 1111111111,
11111111, 111111111111; (1111111111 1. 111 11111111 1111111111 11111111 1111111111.

1. 1111111111 111111111111111 111 {figurem 11111111111111 111 &niem 1111111111 111
11

 

