27

8. 11111111 11111111111111111 111, 11 111 1111 11111 111 111111 1111 111 11111111 1111111111 91 1111111
111111111111111). 9.11111111111111119111111111111. (11111111111111911.(111111111111111111111111
6111111111 1111119. 11. 1111111111111 111 1111111111111111111111111111111111911.121111111111111.Α

111111111111111191111111111191. 2.11191111111111111191111111111-11111111111119111
11111111-111111,11111111911119111111.3.1111111111111111911 111111111111111111’1111111111 1111111111
4.11111111111111111111111111111111111911. 111111111111119111111111111. 11111111111111161111
1111111111111111111111111111..1111111191119119η (1111111111111). 6. 11111111111111111111. 7. a. 111
1111111111 1111111111 1111111111. b. 11111111111111111111119 11 (11111111 1111. 8. 11111111 11111111
1111111 111 1111111111 1111191 11111181111111 111 11111111 9. 11111111 11111111111111111 (111111111111111.
11]. 111191111119 11111111 111 11111111 1111111111 1111911 11911111111111111111 1119111119111. 11. 111911
111 11111 16111111111111111111. 12. 11111111111111.

3. 1111111111 (1111111. a. (11111111 111 1111111111, 111 111111 111 111 1111111111 111 11111197
11. 111. 1111111111. b. Liv. XXII. Cic. Or. Cat. I. Π, ΙΠ.Ι Verg. Aen. 111. VI. vn.
1. 11111111111111111111111 1111111 1119111111111119. d. 11111 11111191 1111119111
1111111, 1111 11119111 11911111 1111111, 1111111 11111111.
1111111111811111111. 111111 Ι 1311111111 11111199111111.

(11111Π1111111111111111111111111.1111911 1119111111.1)1.1111111.’

51111111 1111111111111111111111111 1111.1Ι DeQ Fabio dictatore 2.11111111111111111111111
11111111911111111111111111111111111111.3.1111111111(1111111 captam 01111111111111111111114 1111111111111.
, (11111Π . 1. De Graecorum per Carduehos itinere. 11111111 1111111111’11.191111111111111.1“1-
bius dictator. 3. De Alexandri Magni usque ad pugnam apud Issum factam rebus gest 1111. 4. 11111111111111.

4.11111111111Ξ111111. 1.(111111111111111111111111111111111111111111111111111111
1111111111911111111111111111111. 1111111111111 Cyrop 13 Hom. Od. [X. X
XI. 11111 ,11111 111 1191 111 1191119111.

1111111111 7 &tunicii 111111. 11 (511111111111111191111111111111111111.
111 111111111111111111111111111111. 1199111111.
111111Π. (19111111111111 1111111111. 1911111 11111111111111
Dr. 111111.

b. 1111191111111 1111111. a. 11111Ι.11111111 111 11111111 111 111111, 111 1111111111 111 .
111119111111. bie 1111111111. 111111 Π. 11111111111119 11111111 111 1111111111 111
1111111111111111 111111 3111111111. 11111111 111 ς11111911111111 111 1111111111111.
1111 111 111191111111 1111911111111 111 11111111111111. b. Rollin, 1111111111
Grand. 111111111191111 1191111 1911111111.

1111111111 2 11111111. 1111111. (11111111111111111111111. (111111 Η. 1111111111.

6. 1111111111 1111111. 1. 11111111 111 11111111 111 11111111. (111111191111111111111111111119.
1111 119111111911111111. 11111111. 1111111111. 1111111911111111111. b. 11111911 11111111
1111111111.111111 11111 111111111111111119. 11111111111111111119111 1191111119111111111111.
11111111111111111.11111111111111111111.1111111111.

7.(111111111111 1119111111. 1111111111 111 1111111 1111 111 1111111119 1111 111119.
b 111911911111 111111111111111111 1111111111.

1111111111 3 1111111111111 11111111111111111111111.

11111 Η. 1111111111111111111111111111. 1111111.
4

 

